6.877595412216219728e-01
6.446783647208094159e-01
7.920585409574172342e-01
7.776925501574840638e-01
8.228855209460943509e-01
6.534495602826771998e-01
7.374414791716336071e-01
6.929086039755619764e-01
5.913960227029163574e-01
5.991360799815488303e-01
5.886867041395572597e-01
5.487074957302959799e-01
6.119543307279535771e-01
8.427670077855898834e-01
5.528079446726972268e-01
5.400496951195302708e-01
8.547160114625129701e-01
6.938946483054393433e-01
8.764297440341238810e-01
8.143871422449284747e-01
5.335127313452567854e-01
6.485048006956908306e-01
5.561900752418056371e-01
5.304794481640191517e-01
5.634074633341076277e-01
6.241792496162895665e-01
6.476756610447136353e-01
6.199131733766546359e-01
6.059243017532084385e-01
4.855289634787586239e-01
4.855191593689983653e-01
6.048026293487106519e-01
6.057384757025363609e-01
6.407881180592891468e-01
3.629103444951965463e-01
4.767405820412169981e-01
4.636999691927260470e-01
6.396442466873709654e-01
6.793457042419395187e-01
3.933063811441475655e-01
4.605736477717081723e-01
6.047957885767654140e-01
6.710227259355556750e-01
6.803089773388159012e-01
1.079963566332243330e+00
8.388350044371974956e-01
5.628548670226387607e-01
6.486420011626418125e-01
8.885434931769828903e-01
8.572925208797305130e-01
6.582527965451119289e-01
6.829188301003729089e-01
7.434557252313908071e-01
6.200110921871846426e-01
5.848648168739856157e-01
8.208706076013645436e-01
7.956708324795831455e-01
5.607305491607398329e-01
5.510550400698936979e-01
3.112460719455259484e-01
2.859818709927681168e-01
5.666418381541219462e-01
5.978785265464530152e-01
6.489289699962710323e-01
6.220108689241899969e-01
6.091573887907174578e-01
5.897798742631934488e-01
4.113636296726146391e-01
2.692670573151757507e-01
4.428396971265750048e-01
3.959699481145542710e-01
3.968173112622201404e-01
5.017787266665593160e-01
5.630917781197091188e-01
8.119996874295232203e-01
8.108104118254938486e-01
6.595886291006574087e-01
4.939817445437317267e-01
4.074539909032614537e-01
5.866047833550296353e-01
7.643868461927065816e-01
7.987759688276073744e-01
9.759150076719061984e-01
1.050163167057340807e+00
8.475633451656537920e-01
8.126278867292294761e-01
7.804090155313498922e-01
8.796367032905093586e-01
8.394074477176483029e-01
7.371758450923614481e-01
7.403291083390358684e-01
7.465325088947559751e-01
6.678363100332155300e-01
6.572861634761836269e-01
5.304495291173090266e-01
5.833036313842056009e-01
6.004374012649065229e-01
6.852789756132682264e-01
7.504710468380921817e-01
7.016018625373248163e-01
6.107538807786260238e-01
3.552043840218440107e-01
2.492972093550335499e-01
2.442030070947726617e-01
1.911952194451935483e-01
3.380339613173937718e-01
5.500344875574720849e-01
5.571639545738344967e-01
6.660539333181458854e-01
5.581654843342745975e-01
4.623043176150122835e-01
6.389268109949242103e-01
4.816708987832276079e-01
4.954526194436570941e-01
5.450646453024819982e-01
5.049258101434596080e-01
4.823782566887266920e-01
5.231393775613427666e-01
5.778983767776816327e-01
5.758816055009028378e-01
5.370061591212977881e-01
3.967549296030576378e-01
2.928882643269866137e-01
4.386272534840969239e-01
3.770362649151762224e-01
2.990492007171777766e-01
3.212767101924158819e-01
4.426997460894418479e-01
5.732001122516086067e-01
6.265473005312173216e-01
8.872827544007025891e-01
6.227209321339598480e-01
3.108698417227450106e-01
4.990717403969646693e-01
9.334996389771891279e-01
1.139634816259509353e+00
1.116623391665381382e+00
1.137283423883398870e+00
1.018284544178700290e+00
7.462989894626859133e-01
7.407468754652234422e-01
6.207231124914089904e-01
7.734209271509843164e-01
6.587342779242622015e-01
7.266650557480051065e-01
6.668029613807298084e-01
6.224316911335510127e-01
5.484948837372343178e-01
6.418066975434245647e-01
6.593365214104782712e-01
6.405735230943891967e-01
7.383469649127553103e-01
7.116205620155953149e-01
6.779780895207846436e-01
6.115647520050003783e-01
5.846643758521924417e-01
5.550581132579959220e-01
6.657454060025000953e-01
2.598772692295802100e-01
4.866976330177876786e-01
3.899347539400113138e-01
6.164893434182028287e-01
7.164623876843493333e-01
5.722347535200300594e-01
4.820110151417729139e-01
4.251271904101994736e-01
4.905033565703622589e-01
6.218059777563589297e-01
6.996510251412267900e-01
4.582896503785865994e-01
5.863580006765115593e-01
6.382001935182921581e-01
5.506572474244509907e-01
4.858267127960705922e-01
4.708229810178042318e-01
5.404296152867957836e-01
6.361936236125586008e-01
5.650340689862638488e-01
6.190567809488799478e-01
5.249615347961698042e-01
5.193537397440896042e-01
5.756750737835343301e-01
5.287125685227441751e-01
5.781350171483630174e-01
7.082535543082193463e-01
5.855872386487053216e-01
7.192808952479539109e-01
7.622185889758277266e-01
6.956515145284976054e-01
5.685781513532828235e-01
2.446777860686166206e-01
4.326450061857103346e-01
9.347327494111917767e-01
1.101704020225868552e+00
1.108360319514376746e+00
1.084009036965108308e+00
1.097372782910831290e+00
8.592598937130456749e-01
7.446993168950988284e-01
7.355995699552351219e-01
6.542650621513477205e-01
4.280898878605310376e-01
5.723967918410628464e-01
5.639434241269143389e-01
6.861438645653853419e-01
6.586013568761134307e-01
6.346026653258802774e-01
6.569736255790949997e-01
6.547007652317828885e-01
5.824590519290205881e-01
6.509019406861354939e-01
5.821151779802331561e-01
5.153230557104234721e-01
7.439121191897962726e-01
6.488904802215776924e-01
5.684361361672143342e-01
3.947997648639295365e-01
6.203835858836924677e-01
7.003647763052697206e-01
4.788497434526858276e-01
6.160242243123464911e-01
3.395379999776622637e-01
3.347385786742883562e-01
3.601965929320574689e-01
3.895363967590600440e-01
5.331340111796171177e-01
7.636731814539560181e-01
7.771216082937109082e-01
5.904747804817204182e-01
5.274574796855526770e-01
5.041349946037554375e-01
5.022494745369339153e-01
5.481233443768218638e-01
5.568355334540777690e-01
5.523133250157611362e-01
5.938460602374460162e-01
5.126482332474164849e-01
6.550741568283401373e-01
8.120177553508444168e-01
6.795067865929510509e-01
5.705352873572645533e-01
4.271957887319434155e-01
6.844937206758016091e-01
8.497625127518804167e-01
6.711046450495019577e-01
7.439723317710807970e-01
8.160852007355148263e-01
7.452439835777683319e-01
7.828982571267314450e-01
7.886597963516075449e-01
6.589572208543310605e-01
8.698884034219097616e-01
9.924346319022749885e-01
9.367349784736944684e-01
9.476291001643569745e-01
1.016570386713929519e+00
9.081530632112644330e-01
7.074254464470680626e-01
6.300503472447158693e-01
4.646053164292131554e-01
5.710952568503897542e-01
6.713321841499844123e-01
6.807002508150299391e-01
6.869303520753741177e-01
7.245961536117189183e-01
7.351660361982130798e-01
6.263626290101758087e-01
5.096682241745379427e-01
3.819163267523462135e-01
5.864099850683077708e-01
7.494850474463726764e-01
5.208756449530087540e-01
5.369998325077770529e-01
3.633106749268762981e-01
4.630977887370913981e-01
5.714025161014003595e-01
4.522444093279475719e-01
5.969957421451516089e-01
5.954804295175156748e-01
6.156492099816581742e-01
6.310299478916734373e-01
5.714055900243464325e-01
7.109014958910623294e-01
7.253644611233289741e-01
6.074335267543680139e-01
5.723322358290385825e-01
5.662467750051641824e-01
6.980218007020212445e-01
5.714211932721013909e-01
6.449233951673553067e-01
5.846750350256648687e-01
6.379589050782712434e-01
5.017205619031561703e-01
6.984959986047175606e-01
7.119658134450022047e-01
6.249735725627285632e-01
6.761685938406902796e-01
7.677248885287887292e-01
7.279346651418148184e-01
8.210660381494336857e-01
7.378270396859829550e-01
6.972393704549498805e-01
8.108718003259945961e-01
6.976490313756747996e-01
6.819964039289656554e-01
7.482223798711017393e-01
8.348505793783527196e-01
8.630549122428836650e-01
7.930088851787813198e-01
8.287678016477502130e-01
9.313898136233987879e-01
7.711117361919758162e-01
7.391126771354991076e-01
6.104622898585104762e-01
5.303411269956385121e-01
5.998211882951037799e-01
7.452796891973136884e-01
7.628924248319429724e-01
8.587130598200660714e-01
8.469956139283588703e-01
7.925889760333391099e-01
7.558323448660275723e-01
6.906291341409362960e-01
7.379337602328596146e-01
4.574722504201307327e-01
2.525326976281411784e-01
3.858072747853734663e-01
3.030486424423114999e-01
3.216277193076846341e-01
4.909186023499770291e-01
7.438259165606847523e-01
8.019468119130213069e-01
8.106201929225915759e-01
7.256206969447229760e-01
7.327810737379395478e-01
3.797289514081214068e-01
6.334128576552521261e-01
5.357391512890146146e-01
6.003777344656269221e-01
5.746768497522487529e-01
4.984134302849972942e-01
5.412951571165903752e-01
6.258331825558569594e-01
6.446724859889517711e-01
5.675973833786113198e-01
6.322528669579142724e-01
5.511692958550425958e-01
7.229490495513262172e-01
5.962508919911865268e-01
8.167473395886609699e-01
8.425138607352704589e-01
7.783049379844062532e-01
7.390098250387536760e-01
8.390768385505913418e-01
7.211452982475422546e-01
6.666236867313387604e-01
7.315120756439292826e-01
8.246431400998475159e-01
7.575673020868434193e-01
8.425088427618857567e-01
8.709681004453045938e-01
7.263688538811345907e-01
7.591072286316796758e-01
7.573169775649983837e-01
7.328931279929471465e-01
6.899517261121660416e-01
7.881307720969278341e-01
6.937947928471123182e-01
7.464606630296234391e-01
7.200076569124174153e-01
7.104162296950659039e-01
7.365473692816107976e-01
2.863316002835577523e-01
1.976608309671133157e-01
5.744776648980725042e-01
4.642569287816945001e-01
4.240075214254895863e-01
3.095574177372090174e-01
4.636183540241096690e-01
7.353170591327722327e-01
8.048140436519675145e-01
8.413002147538868325e-01
7.034415463263439250e-01
7.027471377580762901e-01
7.580813397252962327e-01
7.290544743978055742e-01
6.365346035856940254e-01
4.276261609055302948e-01
4.905402723429170830e-01
5.125867033781211779e-01
4.175700360573130210e-01
4.091735318968388602e-01
5.849525467488979613e-01
7.433871179478577229e-01
7.183501824911726619e-01
6.564758032684443467e-01
8.138197794296918586e-01
7.473618039553026060e-01
6.654790829035088784e-01
9.276218595485107299e-01
8.079045861618227020e-01
7.535865333868122518e-01
7.975435724024168005e-01
7.584948208462628516e-01
7.335841328023556818e-01
7.862499422092336099e-01
9.450933098671782107e-01
9.339444948674351377e-01
8.650685897688528136e-01
8.517547254777257937e-01
8.667029108522741332e-01
7.935404315893388461e-01
7.702335973083457299e-01
7.381683143963639893e-01
7.363242155080975682e-01
7.374337703557605206e-01
6.544517412736813311e-01
6.833118377167987090e-01
4.877254978969190469e-01
3.775949154693780674e-01
2.761112231127403893e-01
3.905987194484396019e-01
4.798649607085740953e-01
6.566279637356724486e-01
8.331239856282074419e-01
8.192265685634898542e-01
8.090330616057156421e-01
7.072589887290087196e-01
6.489607212746592024e-01
7.057355389886206254e-01
5.631640933032132645e-01
5.556575083469367238e-01
2.690314393446892050e-01
4.680617629878638386e-01
3.331981193748752013e-01
5.231376736889369328e-01
5.223459086052020250e-01
5.071753528077772577e-01
5.160045339433068090e-01
6.972951273199343714e-01
6.306920709431890204e-01
5.767755549664450587e-01
7.145073543404911742e-01
5.844622416120656139e-01
5.948775235449376142e-01
7.632388063270638678e-01
7.342108329572296643e-01
7.727777911217694751e-01
7.990463195942513197e-01
8.828456468156540282e-01
8.826189312764913808e-01
8.124135054554882940e-01
8.271747098731392356e-01
8.150334249564263889e-01
7.325486104458143188e-01
6.929172066775430849e-01
7.010576170653590733e-01
7.661119230950714787e-01
7.672264977374021466e-01
4.510599356122878545e-01
3.311680661869833009e-01
4.699924093820490589e-01
3.223333049026546049e-01
4.490805923887166151e-01
7.281024743136705890e-01
8.037870900252886974e-01
7.474471347222871875e-01
7.561619830053833979e-01
8.020836946943786794e-01
6.572127066748583157e-01
3.625087922938375340e-01
3.569804925581680499e-01
2.330725701597005373e-01
3.384463849526404000e-01
4.712648273844640134e-01
6.636648980267189080e-01
5.781283145163308435e-01
5.124184982935885424e-01
4.729651291396363422e-01
5.205983817308740269e-01
7.329188073754461241e-01
7.100695369252164602e-01
8.170161740708160591e-01
7.894999669082332083e-01
9.043565383321466866e-01
8.796329434945866499e-01
7.420166425800166499e-01
7.843691866456992123e-01
7.647269996610903675e-01
7.109869753277234805e-01
7.489616369862712730e-01
4.047860384696980729e-01
4.449661275005843963e-01
2.242895752269493947e-01
2.562423468676490179e-01
5.152835542521576606e-01
7.443198289718686578e-01
7.808118452467637249e-01
5.646886556440431360e-01
6.573141986648364243e-01
7.260178668165441218e-01
3.435839948135570587e-01
2.873551786745554004e-01
2.185550463589478465e-01
1.784068166860163229e-01
5.515260589500100563e-01
5.731120357180409242e-01
7.527604910729970289e-01
7.206207776387502095e-01
5.154438245340569047e-01
3.986387048804928557e-01
4.870885480692153657e-01
2.177179047264433120e-01
3.742553285723543843e-01
4.219461405042103097e-01
5.498096418771049043e-01
7.446497310355243426e-01
5.603530053491221352e-01
6.054710459134899914e-01
6.345051267123382743e-01
4.380214805851930238e-01
4.464644193804449546e-01
3.455771742941606273e-01
2.864737424095989415e-01
5.233879000766452627e-01
6.892458587126949476e-01
6.199375144769678769e-01
6.555348864549779275e-01
6.368452474786903128e-01
5.468513011039951577e-01
3.594242510822828196e-01
5.018129078992131786e-01
2.960559857711312914e-01
4.839694901078115397e-01
7.993905044007291183e-01
7.774819764837356262e-01
6.142814388504506118e-01
5.399411523000485769e-01
5.028175720044387731e-01
6.979726509982302485e-01
6.551470040076114998e-01
4.072983307953800258e-01
2.586085053569312509e-01
5.754745317959703010e-01
6.369701000966148108e-01
5.594637791242225155e-01
5.428755718685507325e-01
6.266416457337322665e-01
6.895861609517426327e-01
6.905408982714760224e-01
5.343399392027500250e-01
5.183679381698499400e-01
4.728816228816997147e-01
4.338261229514996375e-01
3.887035883295452687e-01
5.303780935959740983e-01
4.171533901667421884e-01
6.091028232361170858e-01
6.668801244475780488e-01
7.868370416009724533e-01
2.659306648878130286e-01
2.484678167927114323e-01
5.364130690185624495e-01
6.370545463737602443e-01
6.118500834063401728e-01
5.810925469316591263e-01
6.154057586425831783e-01
5.304132907930234619e-01
4.486701540198256288e-01
4.725146447485285561e-01
3.571654328002006329e-01
4.765612151511375294e-01
5.092328216426461607e-01
6.045537577419289876e-01
6.326555384444659813e-01
7.312644956850307132e-01
4.430778847709030965e-01
3.395295274134659258e-01
4.492050200397176285e-01
5.223635921720386488e-01
4.214332579215508412e-01
5.078721593033936887e-01
7.447164644999794136e-01
6.833354802960253105e-01
6.433327541069344679e-01
4.782543100768932298e-01
5.390271633061751722e-01
7.373822025071630204e-01
5.856454937491640811e-01
4.729891049686075766e-01
5.667004723008884914e-01
4.830519018197889647e-01
6.723004108337724549e-01
5.472119402981254765e-01
5.050271895494288232e-01
3.891523784221642690e-01
3.783706279748578205e-01
4.575669970793220798e-01
5.818557055766283570e-01
7.382287218764979064e-01
9.207592893859798400e-01
8.215920580033492238e-01
5.725056409127153856e-01
6.398246763708083096e-01
5.886933232900291024e-01
4.487065188431619833e-01
4.028596570519376585e-01
4.182919400697924228e-01
4.875181571203481279e-01
4.454632853161286099e-01
7.166868283782311666e-01
5.979782520858122341e-01
5.187244208676523582e-01
5.653402695408108469e-01
5.033079630065575572e-01
4.959578605381922967e-01
7.357717581341365332e-01
8.108432068340996057e-01
8.425936540846412637e-01
8.139091715547057682e-01
6.214886308337551624e-01
5.144363886042337963e-01
6.155447484271846514e-01
6.761697571187307299e-01
8.724078682864983003e-01
5.821852661786578453e-01
4.723932780785362606e-01
5.519577272612579133e-01
1.346139063213763476e-01
5.021251957438844782e-01
5.688273490411693833e-01
5.483177918088169012e-01
5.390230014671497649e-01
5.594711584876730370e-01
6.674892747363158074e-01
7.688898929774262703e-01
7.639149048611766357e-01
6.790972016286070945e-01
6.287358745339652888e-01
7.148246933789883517e-01
7.866466683811434990e-01
8.633002666073259501e-01
6.950995725406502457e-01
5.546199866371350762e-01
3.058324313020285845e-01
3.102268976159886504e-01
5.948447978403037517e-01
5.907368416873174377e-01
4.929382620032498052e-01
5.631740230902831934e-01
7.625089104409598084e-01
8.138583262579144328e-01
6.752259026042018997e-01
7.129999054910449718e-01
6.970727090093437051e-01
7.929087493575250889e-01
8.271450695282811516e-01
7.509358743236831391e-01
8.019398522627481096e-01
4.509638177556224425e-01
4.050645329211820522e-01
5.558416231127397689e-01
2.559729011275163613e-01
5.805081294395618707e-01
6.380839294544453644e-01
6.466793541893787189e-01
6.061334177423021163e-01
7.216239255143307441e-01
7.631246926593082680e-01
7.839828130954594743e-01
8.577372224413322144e-01
9.229587344365233204e-01
8.734508888653996772e-01
8.173914093220547850e-01
9.063039256538686361e-01
8.675852343754004714e-01
5.766082282807486470e-01
8.819949687374811775e-01
7.286047927179057915e-01
8.771064812911862907e-01
8.071573082719963876e-01
6.344955213509069214e-01
8.688068475992626327e-01
8.773514010567442512e-01
8.999992697045028356e-01
8.905058315448046713e-01
1.002080999380954740e+00
7.972925345022477961e-01
7.303359715342182534e-01
7.892760001262574265e-01
7.876885411549338079e-01
6.919846311550427176e-01
7.359446559965362455e-01
7.628058810486196828e-01
9.443598073906153134e-01
8.142431509812313450e-01
8.244349430590204308e-01
8.489494818613420035e-01
9.512376338483332638e-01
9.593457292851841345e-01
9.383548128690347712e-01
7.174673877765934682e-01
7.837788185496638027e-01
6.352743021297091452e-01
6.764751211231420092e-01
6.474170947751570759e-01
6.027517819533539933e-01
9.105172910720015222e-01
6.515771096187352729e-01
7.990597181460238341e-01
9.095253942080646636e-01
9.514520240345916147e-01
9.268045107155512552e-01
7.542988550188055585e-01
8.507731542221440568e-01
7.725324075524525602e-01
8.078366803977127253e-01
7.105926109207297836e-01
4.928378121474351059e-01
4.035762186213175395e-01
5.392873023235206231e-01
8.514309114481335428e-01
8.269651322626772050e-01
8.419135762169510651e-01
8.107579117461349849e-01
7.035596137106884251e-01
8.857658069569513959e-01
7.684470983062133831e-01
5.685560992554330451e-01
2.222202240344136326e-01
3.740404124959136878e-01
4.024141559764051190e-01
6.278612677015869004e-01
7.529484470531514484e-01
6.216300757472406069e-01
4.080580997392882492e-01
2.467075817160995777e-01
4.831261547679795987e-01
5.506608664819716559e-01
5.998040136654856358e-01
5.773664541066468869e-01
3.048873804074634930e-01
2.331515741483178583e-01
4.168557983323941674e-01
4.770785932868718549e-01
3.823768571739623590e-01
5.435592569216485259e-01
6.311077801262879872e-01
5.663207839192104798e-01
4.814880497582051389e-01
5.102514462169590592e-01
4.980003649334284743e-01
6.491869663921927547e-01
8.925911583636831903e-01
8.505430399244234829e-01
7.100364413065624047e-01
6.858801974239228105e-01
9.778182755414577265e-01
7.783895130652103145e-01
7.929266144468771760e-01
7.220728976212138495e-01
7.614858137316803388e-01
7.216300534694972679e-01
7.960884338170972629e-01
